Dices dos Volumes: [0.9137395763798383, 0.8556514295759039, 0.9172749391727494, 0.9143483526489334, 0.8652149174985776, 0.8454306475497343, 0.9044496487119438, 0.8851412818745693, 0.9227192009967918, 0.8542218229954615, 0.9055771224652184, 0.8833078042060442, 0.6450040434899811, 0.8942159202583181, 0.8634312696747114, 0.9059939720677506, 0.8888977167770704, 0.906485619733206, 0.8621441799849098, 0.9396615941257849]
Media: 0.8786455530093749
Mediana: 0.8915568185176943
Maximo: 0.9396615941257849
Minimo: 0.6450040434899811