Dices dos Volumes: [0.8854300450533097, 0.8707885148859155, 0.9243026534841844, 0.9126849931145083, 0.0, 0.8776950594605046, 0.8556992874497537, 0.8736852209925811, 0.8772084971870473, 0.905632846109336, 0.9055702086543232, 0.8690446633010566, 0.7706041160749413, 0.8828431203521717, 0.8725866680791334, 0.9249608366612978, 0.8983484113194735, 0.8858142968529671, 0.0, 0.9115735385938156]
Media: 0.795223648881316
Mediana: 0.8802690899063381
Maximo: 0.9249608366612978
Minimo: 0.0